32 4 2
64 4 2
80 4 2
128 4 2
186 4 2
256 4 2
324 4 2
400 4 2
512 4 2
800 4 2
1024 4 2
1600 4 2
2048 4 2
4096 4 2
32 4 16
64 4 16
80 4 16
128 4 16
186 4 16
256 4 16
324 4 16
400 4 16
512 4 16
800 4 16
1024 4 16
1600 4 16
2048 4 16
4096 4 16
32 4 48
64 4 48
80 4 48
128 4 48
186 4 48
256 4 48
324 4 48
400 4 48
512 4 48
800 4 48
1024 4 48
1600 4 48
2048 4 48
4096 4 48
32 4 64
64 4 64
80 4 64
128 4 64
186 4 64
256 4 64
324 4 64
400 4 64
512 4 64
800 4 64
1024 4 64
1600 4 64
2048 4 64
4096 4 64
32 4 128
64 4 128
80 4 128
128 4 128
186 4 128
256 4 128
324 4 128
400 4 128
512 4 128
800 4 128
1024 4 128
1600 4 128
2048 4 128
4096 4 128
32 4 256
64 4 256
80 4 256
128 4 256
186 4 256
256 4 256
324 4 256
400 4 256
512 4 256
800 4 256
1024 4 256
1600 4 256
2048 4 256
4096 4 256
32 4 512
64 4 512
80 4 512
128 4 512
186 4 512
256 4 512
324 4 512
400 4 512
512 4 512
800 4 512
1024 4 512
1600 4 512
2048 4 512
4096 4 512
32 4 1024
64 4 1024
80 4 1024
128 4 1024
186 4 1024
256 4 1024
324 4 1024
400 4 1024
512 4 1024
800 4 1024
1024 4 1024
1600 4 1024
2048 4 1024
4096 4 1024
